id, nombre, vac1dosis, vac2dosis, sinVacunar
5,China,56,30,14
14,Russia,25,33,42
17,Indonesia,20,35,45
20,Uganda,31,39,30
23,Egypt,40,31,29
30,Barbados,35,39,26
32,Portugal,57,37,6
41,Peru,35,31,34
55,Belize,43,31,26
59,Uruguay,33,32,35
60,Ecuador,38,31,31
67,Paraguay,21,36,43
84,Japan,57,34,9
97,Spain,38,38,24
